Date of Census,Total Adults in Shelter,Total Children in Shelter,Total Individuals in Shelter,Single Adult Men in Shelter,Single Adult Women in Shelter,Total Single Adults in Shelter,Families with Children in Shelter,Adults in Families with Children in Shelter,Children in Families with Children in Shelter,Total Individuals in Families with Children in Shelter ,Adult Families in Shelter,Individuals in Adult Families in Shelter,Families Requesting Temporary Housing at PATH,Adult Families Requesting Temporary Housing at AFIC
02/26/2015,33561,24414,57975,8641,3209,11850,11897,17174,24414,41588,2153,4537,89,15
02/25/2015,33645,24438,58083,8695,3209,11904,11900,17178,24438,41616,2167,4563,91,11
02/24/2015,33638,24435,58073,8692,3204,11896,11902,17169,24435,41604,2172,4573,92,14
02/23/2015,33656,24486,58142,8678,3197,11875,11929,17216,24486,41702,2168,4565,107,15
02/22/2015,33652,24504,58156,8643,3192,11835,11953,17257,24504,41761,2166,4560,44,13
02/21/2015,33594,24510,58104,8605,3171,11776,11955,17258,24510,41768,2165,4560,57,20
02/20/2015,33692,24519,58211,8657,3194,11851,11959,17256,24519,41775,2178,4585,78,14
02/19/2015,33732,24537,58269,8651,3211,11862,11960,17278,24537,41815,2181,4592,92,12
02/18/2015,33760,24524,58284,8672,3214,11886,11958,17275,24524,41799,2184,4599,96,10
02/17/2015,33770,24574,58344,8648,3199,11847,11992,17325,24574,41899,2184,4598,71,11
02/16/2015,33740,24552,58292,8638,3185,11823,11982,17311,24552,41863,2189,4606,63,5
02/16/2015,33740,24552,58292,8638,3185,11823,11982,17311,24552,41863,2189,4606,63,5
02/15/2015,33662,24548,58210,8603,3168,11771,11970,17301,24548,41849,2181,4590,51,6
02/14/2015,33552,24537,58089,8522,3152,11674,11967,17298,24537,41835,2176,4580,57,11
02/13/2015,33657,24573,58230,8589,3184,11773,11973,17308,24573,41881,2174,4576,76,5
02/12/2015,33679,24588,58267,8618,3191,11809,11972,17305,24588,41893,2169,4565,75,13
02/11/2015,33668,24620,58288,8588,3187,11775,11991,17317,24620,41937,2174,4576,83,23
02/10/2015,33662,24667,58329,8581,3190,11771,12001,17332,24667,41999,2166,4559,93,18
02/08/2015,33690,24739,58429,8562,3174,11736,12045,17384,24739,42123,2173,4570,42,13
02/07/2015,33542,24720,58262,8455,3163,11618,12032,17366,24720,42086,2167,4558,70,16
02/06/2015,33621,24725,58346,8512,3166,11678,12036,17369,24725,42094,2176,4574,87,14
02/05/2015,33630,24720,58350,8526,3177,11703,12034,17364,24720,42084,2171,4563,93,8
02/03/2015,21975,24819,46794,0,0,0,12082,17418,24819,42237,2167,4557,94,18
02/02/2015,33752,24835,58587,8535,3186,11721,12088,17433,24835,42268,2187,4598,79,13
02/01/2015,33639,24840,58479,8476,3178,11654,12088,17417,24840,42257,2172,4568,58,9
01/31/2015,33569,24844,58413,8459,3154,11613,12084,17406,24844,42250,2163,4550,84,12
01/30/2015,33602,24904,58506,8440,3159,11599,12114,17439,24904,42343,2169,4564,81,15
01/29/2015,33699,24915,58614,8518,3195,11713,12118,17437,24915,42352,2162,4549,95,11
01/29/2015,33699,24915,58614,8518,3195,11713,12118,17437,24915,42352,2162,4549,95,11
01/28/2015,33774,24949,58723,8541,3186,11727,12138,17473,24949,42422,2173,4574,72,16
01/27/2015,33781,24951,58732,8538,3189,11727,12151,17486,24951,42437,2169,4568,22,5
01/26/2015,33712,24890,58602,8525,3190,11715,12120,17442,24890,42332,2162,4555,77,18
01/25/2015,33708,24919,58627,8478,3189,11667,12141,17465,24919,42384,2172,4576,53,7
01/24/2015,33595,24877,58472,8428,3168,11596,12122,17435,24877,42312,2166,4564,75,7
01/23/2015,33611,24934,58545,8425,3158,11583,12141,17466,24934,42400,2165,4562,106,24
01/22/2015,33711,24944,58655,8478,3188,11666,12143,17473,24944,42417,2168,4572,83,15
01/21/2015,33686,24959,58645,8449,3189,11638,12141,17473,24959,42432,2169,4575,94,14
01/20/2015,33716,24998,58714,8458,3171,11629,12163,17507,24998,42505,2171,4580,94,25
01/19/2015,33687,25004,58691,8408,3173,11581,12179,17533,25004,42537,2168,4573,76,14
01/18/2015,33630,25014,58644,8378,3152,11530,12179,17529,25014,42543,2167,4571,58,17
01/17/2015,33538,24982,58520,8332,3149,11481,12151,17491,24982,42473,2166,4566,92,15
01/16/2015,33621,25003,58624,8356,3180,11536,12163,17507,25003,42510,2172,4578,97,13
01/15/2015,33646,25021,58667,8356,3182,11538,12168,17511,25021,42532,2181,4597,78,15
01/14/2015,33636,25004,58640,8360,3188,11548,12167,17506,25004,42510,2174,4582,88,19
01/13/2015,33615,25013,58628,8360,3188,11548,12161,17492,25013,42505,2171,4575,123,23
01/12/2015,33609,25034,58643,8332,3181,11513,12175,17525,25034,42559,2171,4571,105,19
01/11/2015,33569,25014,58583,8312,3177,11489,12166,17510,25014,42524,2170,4570,68,7
01/10/2015,33484,25003,58487,8259,3165,11424,12158,17493,25003,42496,2169,4567,101,18
01/09/2015,33415,25013,58428,8202,3164,11366,12162,17493,25013,42506,2163,4556,100,12
01/08/2015,33517,25034,58551,8288,3185,11473,12173,17511,25034,42545,2153,4533,69,15
01/07/2015,33464,25010,58474,8304,3170,11474,12145,17473,25010,42483,2145,4517,103,22
01/06/2015,33374,24978,58352,8276,3175,11451,12120,17433,24978,42411,2132,4490,127,26
01/05/2015,33354,25015,58369,8237,3168,11405,12135,17459,25015,42474,2132,4490,128,21
01/04/2015,33303,25027,58330,8218,3142,11360,12149,17469,25027,42496,2124,4474,65,14
01/03/2015,33161,25011,58172,8148,3099,11247,12135,17454,25011,42465,2118,4460,73,20
01/02/2015,33162,25018,58180,8136,3100,11236,12148,17469,25018,42487,2116,4457,93,14
01/01/2015,33161,24981,58142,8143,3096,11239,12134,17443,24981,42424,2127,4479,45,2
12/31/2014,32937,25004,57941,7936,3064,11000,12137,17457,25004,42461,2128,4480,61,11
12/30/2014,33262,25048,58310,8184,3134,11318,12146,17472,25048,42520,2123,4472,107,22
12/29/2014,33403,25138,58541,8235,3164,11399,12191,17526,25138,42664,2124,4478,96,17
12/28/2014,33354,25162,58516,8190,3132,11322,12216,17559,25162,42721,2123,4473,63,8
12/27/2014,33311,25193,58504,8139,3117,11256,12229,17574,25193,42767,2127,4481,58,8
12/26/2014,33353,25233,58586,8147,3123,11270,12248,17597,25233,42830,2130,4486,65,8
12/25/2014,33314,25235,58549,8125,3123,11248,12243,17589,25235,42824,2124,4477,,
12/24/2014,33260,25239,58499,8090,3108,11198,12245,17590,25239,42829,2122,4472,35,5
12/23/2014,33436,25300,58736,8180,3138,11318,12283,17637,25300,42937,2125,4481,68,16
12/22/2014,33537,25376,58913,8204,3153,11357,12316,17680,25376,43056,2135,4500,72,11
12/21/2014,33561,25383,58944,8209,3157,11366,12333,17695,25383,43078,2136,4500,44,11
12/20/2014,33455,25365,58820,8155,3141,11296,12322,17676,25365,43041,2128,4483,68,10
12/19/2014,33512,25417,58929,8183,3152,11335,12341,17704,25417,43121,2123,4473,79,13
12/18/2014,33603,25447,59050,8212,3181,11393,12353,17733,25447,43180,2124,4477,68,17
12/17/2014,33599,25469,59068,8218,3172,11390,12349,17722,25469,43191,2129,4487,84,20
12/16/2014,33550,25409,58959,8200,3195,11395,12320,17674,25409,43083,2126,4481,109,13
12/15/2014,33590,25442,59032,8207,3185,11392,12345,17696,25442,43138,2137,4502,93,15
12/14/2014,33529,25490,59019,8143,3181,11324,12368,17718,25490,43208,2130,4487,43,16
12/13/2014,33407,25463,58870,8064,3165,11229,12351,17694,25463,43157,2129,4484,83,8
12/12/2014,33452,25463,58915,8083,3161,11244,12350,17690,25463,43153,2145,4518,83,14
12/11/2014,33518,25441,58959,8139,3186,11325,12339,17663,25441,43104,2152,4530,82,20
12/10/2014,33514,25431,58945,8142,3192,11334,12339,17658,25431,43089,2146,4522,97,14
12/09/2014,33534,25405,58939,8159,3190,11349,12332,17657,25405,43062,2149,4528,73,14
12/08/2014,33508,25390,58898,8156,3187,11343,12313,17639,25390,43029,2149,4526,103,16
12/07/2014,33457,25396,58853,8139,3169,11308,12313,17633,25396,43029,2144,4516,55,14
12/06/2014,33359,25341,58700,8086,3162,11248,12284,17594,25341,42935,2145,4517,100,17
12/05/2014,33348,25358,58706,8078,3162,11240,12290,17607,25358,42965,2137,4501,88,18
12/04/2014,33383,25358,58741,8121,3174,11295,12279,17587,25358,42945,2138,4501,99,19
12/03/2014,33364,25288,58652,8128,3174,11302,12252,17550,25288,42838,2141,4512,111,27
12/02/2014,33293,25213,58506,8108,3184,11292,12219,17497,25213,42710,2136,4504,130,23
12/01/2014,33274,25210,58484,8098,3164,11262,12216,17496,25210,42706,2142,4516,123,16
11/30/2014,33302,25253,58555,8095,3171,11266,12243,17522,25253,42775,2140,4514,68,15
11/29/2014,33263,25258,58521,8062,3156,11218,12247,17521,25258,42779,2145,4524,55,10
11/28/2014,33251,25284,58535,8055,3142,11197,12266,17548,25284,42832,2136,4506,71,14
11/27/2014,33191,25266,58457,8001,3139,11140,12254,17530,25266,42796,2144,4521,27,3
11/26/2014,33256,25237,58493,8096,3154,11250,12242,17518,25237,42755,2129,4488,69,17
11/25/2014,33275,25250,58525,8108,3157,11265,12250,17535,25250,42785,2123,4475,77,14
11/24/2014,33264,25240,58504,8072,3180,11252,12248,17535,25240,42775,2124,4477,98,17
11/23/2014,33241,25228,58469,8067,3187,11254,12247,17523,25228,42751,2117,4464,63,22
11/23/2014,33241,25228,58469,8067,3187,11254,12247,17523,25228,42751,2117,4464,63,22
11/22/2014,33262,25229,58491,8042,3191,11233,12252,17532,25229,42761,2134,4497,82,14
11/22/2014,33262,25229,58491,8042,3191,11233,12252,17532,25229,42761,2134,4497,82,14
11/21/2014,33273,25259,58532,8061,3195,11256,12241,17524,25259,42783,2133,4493,93,13
11/21/2014,33273,25259,58532,8061,3195,11256,12241,17524,25259,42783,2133,4493,93,13
11/20/2014,33313,25249,58562,8110,3184,11294,12228,17501,25249,42750,2144,4518,92,12
11/19/2014,33296,25181,58477,8123,3182,11305,12190,17452,25181,42633,2153,4539,94,19
11/18/2014,33201,25153,58354,8100,3177,11277,12166,17422,25153,42575,2134,4502,129,18
11/17/2014,33189,25162,58351,8072,3171,11243,12171,17436,25162,42598,2138,4510,96,8
11/16/2014,33137,25189,58326,8061,3140,11201,12179,17443,25189,42632,2130,4493,57,8
11/15/2014,33069,25189,58258,8017,3130,11147,12172,17433,25189,42622,2127,4489,77,14
11/14/2014,33003,25136,58139,7994,3121,11115,12145,17395,25136,42531,2129,4493,86,12
11/13/2014,33058,25116,58174,8050,3136,11186,12135,17378,25116,42494,2129,4494,97,15
11/12/2014,33030,25113,58143,8000,3138,11138,12135,17374,25113,42487,2140,4518,77,20
11/11/2014,32973,25087,58060,8005,3122,11127,12112,17341,25087,42428,2135,4505,145,18
11/10/2014,32958,25074,58032,7999,3121,11120,12108,17327,25074,42401,2138,4511,114,19
11/09/2014,32967,25087,58054,7986,3123,11109,12126,17343,25087,42430,2139,4515,49,10
11/08/2014,32813,25065,57878,7926,3080,11006,12105,17314,25065,42379,2129,4493,91,11
11/07/2014,32730,24946,57676,7932,3092,11024,12048,17233,24946,42179,2119,4473,113,16
11/06/2014,32741,24907,57648,7939,3106,11045,12051,17242,24907,42149,2111,4454,84,21
11/05/2014,32749,24897,57646,7963,3104,11067,12031,17235,24897,42132,2108,4447,107,23
11/04/2014,32793,24936,57729,7975,3101,11076,12055,17256,24936,42192,2115,4461,137,21
11/03/2014,32740,24925,57665,7976,3099,11075,12027,17221,24925,42146,2107,4444,127,22
11/02/2014,32713,24932,57645,7961,3110,11071,12024,17214,24932,42146,2099,4428,70,14
11/01/2014,32623,24928,57551,7886,3096,10982,12024,17203,24928,42131,2104,4438,95,16
10/31/2014,32584,24946,57530,7852,3080,10932,12031,17213,24946,42159,2105,4439,86,14
10/30/2014,32662,24924,57586,7917,3119,11036,12013,17192,24924,42116,2102,4434,98,17
10/29/2014,32672,24868,57540,7958,3124,11082,11992,17166,24868,42034,2100,4424,99,23
10/28/2014,32658,24822,57480,7948,3138,11086,11966,17140,24822,41962,2104,4432,99,13
10/27/2014,32651,24839,57490,7940,3123,11063,11986,17152,24839,41991,2106,4436,80,9
10/26/2014,32677,24871,57548,7974,3114,11088,12000,17163,24871,42034,2102,4426,54,13
10/25/2014,32516,24827,57343,7878,3090,10968,11969,17131,24827,41958,2098,4417,85,20
10/24/2014,32549,24815,57364,7892,3094,10986,11962,17125,24815,41940,2110,4438,88,4
10/23/2014,32649,24783,57432,7993,3121,11114,11948,17115,24783,41898,2101,4420,77,20
10/22/2014,32630,24760,57390,8014,3100,11114,11933,17086,24760,41846,2109,4430,92,25
10/21/2014,32568,24755,57323,7953,3091,11044,11925,17087,24755,41842,2111,4437,112,16
10/20/2014,32580,24763,57343,7941,3084,11025,11938,17100,24763,41863,2120,4455,82,17
10/19/2014,32567,24761,57328,7928,3081,11009,11943,17103,24761,41864,2120,4455,66,11
10/18/2014,32402,24713,57115,7828,3058,10886,11923,17074,24713,41787,2114,4442,80,10
10/17/2014,32344,24649,56993,7825,3051,10876,11884,17021,24649,41670,2116,4447,90,13
10/16/2014,32389,24603,56992,7877,3081,10958,11861,16989,24603,41592,2113,4442,109,12
10/15/2014,32434,24626,57060,7921,3074,10995,11866,17007,24626,41633,2110,4432,105,15
10/12/2014,32351,24583,56934,7871,3064,10935,11856,16989,24583,41572,2107,4427,60,8
10/11/2014,32236,24513,56749,7824,3041,10865,11821,16957,24513,41470,2101,4414,75,14
10/10/2014,32186,24515,56701,7764,3053,10817,11823,16960,24515,41475,2099,4409,51,6
10/05/2014,32216,24460,56676,7855,3047,10902,11807,16930,24460,41390,2087,4384,59,16
10/04/2014,31984,24345,56329,7740,3023,10763,11747,16848,24345,41193,2081,4373,95,17
10/03/2014,31948,24326,56274,7724,3018,10742,11742,16837,24326,41163,2079,4369,116,26
09/28/2014,32063,24310,56373,7800,3047,10847,11738,16822,24310,41132,2092,4394,74,12
09/27/2014,31923,24267,56190,7739,3016,10755,11710,16784,24267,41051,2088,4384,77,17
09/26/2014,31869,24274,56143,7696,3018,10714,11700,16772,24274,41046,2087,4383,114,15
09/25/2014,31970,24250,56220,7801,3036,10837,11686,16762,24250,41012,2080,4371,109,22
09/24/2014,32048,24237,56285,7841,3061,10902,11675,16752,24237,40989,2091,4394,113,13
09/23/2014,32005,24214,56219,7807,3048,10855,11669,16746,24214,40960,2095,4404,130,17
09/22/2014,32066,24282,56348,7818,3045,10863,11698,16788,24282,41070,2100,4415,92,11
09/21/2014,32031,24257,56288,7816,3033,10849,11688,16770,24257,41027,2099,4412,78,8
09/20/2014,31913,24195,56108,7763,3022,10785,11660,16735,24195,40930,2089,4393,100,18
09/19/2014,31929,24216,56145,7768,3035,10803,11667,16739,24216,40955,2088,4387,107,11
09/18/2014,31925,24187,56112,7764,3034,10798,11654,16733,24187,40920,2091,4394,105,17
09/17/2014,31899,24118,56017,7815,3025,10840,11615,16679,24118,40797,2084,4380,114,14
09/16/2014,31872,24162,56034,7790,3032,10822,11627,16690,24162,40852,2075,4360,101,17
09/15/2014,31832,24182,56014,7769,3021,10790,11626,16685,24182,40867,2073,4357,120,16
09/14/2014,31873,24209,56082,7779,3018,10797,11655,16721,24209,40930,2072,4355,71,9
09/13/2014,31666,24118,55784,7678,3002,10680,11613,16658,24118,40776,2059,4328,109,8
09/12/2014,31644,24124,55768,7675,3007,10682,11599,16650,24124,40774,2052,4312,114,15
09/11/2014,31661,24066,55727,7709,3023,10732,11575,16615,24066,40681,2052,4314,107,19
09/10/2014,31670,24058,55728,7708,3023,10731,11571,16613,24058,40671,2058,4326,105,17
09/09/2014,31620,23932,55552,7753,3014,10767,11521,16536,23932,40468,2054,4317,113,15
09/08/2014,31619,23997,55616,7739,3003,10742,11539,16568,23997,40565,2050,4309,151,14
09/07/2014,31513,23985,55498,7701,2985,10686,11547,16564,23985,40549,2027,4263,94,6
09/06/2014,31395,23947,55342,7646,2968,10614,11517,16525,23947,40472,2023,4256,121,15
09/05/2014,31311,23911,55222,7596,2972,10568,11493,16484,23911,40395,2023,4259,144,30
09/04/2014,31360,23862,55222,7657,2989,10646,11475,16458,23862,40320,2023,4256,121,20
09/03/2014,31289,23761,55050,7635,2972,10607,11439,16408,23761,40169,2031,4274,185,17
09/02/2014,31394,23827,55221,7652,2985,10637,11485,16473,23827,40300,2038,4284,137,16
09/01/2014,31359,23815,55174,7636,2969,10605,11496,16491,23815,40306,2030,4263,93,12
08/31/2014,31254,23775,55029,7601,2944,10545,11477,16457,23775,40232,2025,4252,67,15
08/30/2014,31170,23759,54929,7557,2945,10502,11467,16438,23759,40197,2014,4230,92,17
08/29/2014,31142,23731,54873,7533,2957,10490,11450,16418,23731,40149,2015,4234,121,10
08/28/2014,31302,23734,55036,7643,2993,10636,11452,16435,23734,40169,2013,4231,96,16
08/27/2014,31321,23704,55025,7685,2984,10669,11440,16418,23704,40122,2014,4234,140,16
08/26/2014,31312,23667,54979,7691,3004,10695,11422,16390,23667,40057,2011,4227,134,23
08/25/2014,31366,23710,55076,7674,2993,10667,11459,16449,23710,40159,2023,4250,132,15
08/24/2014,31362,23735,55097,7648,2988,10636,11483,16473,23735,40208,2025,4253,62,12
08/23/2014,31245,23685,54930,7587,2974,10561,11453,16440,23685,40125,2020,4244,86,10
08/22/2014,31248,23696,54944,7598,2962,10560,11461,16448,23696,40144,2017,4240,84,16
08/21/2014,31291,23673,54964,7642,2969,10611,11452,16445,23673,40118,2016,4235,108,16
08/20/2014,31285,23635,54920,7667,2974,10641,11438,16412,23635,40047,2015,4232,132,11
08/19/2014,31264,23625,54889,7672,2967,10639,11431,16413,23625,40038,2004,4212,138,15
08/18/2014,31249,23625,54874,7657,2969,10626,11440,16420,23625,40045,2000,4203,130,15
08/17/2014,31192,23638,54830,7600,2954,10554,11445,16419,23638,40057,2008,4219,66,5
08/16/2014,31039,23578,54617,7523,2940,10463,11415,16373,23578,39951,2000,4203,100,17
08/15/2014,31131,23599,54730,7578,2944,10522,11415,16378,23599,39977,2014,4231,127,6
08/14/2014,31213,23580,54793,7648,2964,10612,11411,16380,23580,39960,2010,4221,125,11
08/13/2014,31212,23589,54801,7659,2972,10631,11416,16379,23589,39968,2000,4202,115,19
08/12/2014,31216,23635,54851,7662,2958,10620,11423,16402,23635,40037,1995,4194,137,21
08/11/2014,31209,23646,54855,7628,2970,10598,11434,16417,23646,40063,1995,4194,111,14
08/10/2014,31191,23754,54945,7591,2949,10540,11494,16480,23754,40234,1984,4171,56,13
08/09/2014,30994,23654,54648,7482,2936,10418,11439,16405,23654,40059,1984,4171,95,11
08/08/2014,31084,23642,54726,7539,2929,10468,11441,16412,23642,40054,1999,4204,106,9
08/07/2014,31129,23608,54737,7607,2937,10544,11417,16384,23608,39992,1997,4201,110,26
08/06/2014,31126,23585,54711,7599,2940,10539,11414,16373,23585,39958,2004,4214,113,18
08/05/2014,31090,23555,54645,7599,2932,10531,11406,16355,23555,39910,1999,4204,133,19
08/04/2014,31112,23653,54765,7569,2925,10494,11447,16408,23653,40061,2002,4210,114,17
08/03/2014,31055,23657,54712,7559,2923,10482,11438,16395,23657,40052,1985,4178,57,12
08/02/2014,30878,23593,54471,7462,2896,10358,11412,16366,23593,39959,1974,4154,96,12
08/01/2014,30850,23617,54467,7436,2883,10319,11423,16385,23617,40002,1969,4146,103,16
07/31/2014,31093,23649,54742,7592,2927,10519,11443,16425,23646,40071,1971,4152,93,31
07/30/2014,31158,23601,54759,7655,2933,10588,11436,16417,23601,40018,1974,4153,108,17
07/29/2014,31156,23607,54763,7664,2936,10600,11444,16420,23604,40024,1967,4139,125,18
07/28/2014,20607,23645,44252,0,0,0,11465,16433,23642,40075,1985,4177,93,15
07/27/2014,31160,23623,54783,7655,2903,10558,11465,16430,23623,40053,1984,4172,61,7
07/26/2014,30996,23558,54554,7563,2896,10459,11431,16370,23555,39925,1982,4170,77,9
07/25/2014,31059,23543,54602,7615,2902,10517,11431,16371,23543,39914,1984,4171,101,13
07/24/2014,31150,23556,54706,7700,2914,10614,11430,16376,23556,39932,1978,4160,98,14
07/23/2014,31122,23483,54605,7705,2919,10624,11395,16339,23483,39822,1976,4159,127,21
07/22/2014,31029,23392,54421,7682,2906,10588,11355,16285,23392,39677,1976,4156,147,11
07/21/2014,31082,23499,54581,7675,2924,10599,11401,16341,23499,39840,1967,4142,100,16
07/20/2014,31066,23536,54602,7682,2887,10569,11414,16352,23536,39888,1968,4145,61,19
07/19/2014,30930,23491,54421,7603,2872,10475,11386,16317,23491,39808,1965,4138,72,10
07/18/2014,30887,23487,54374,7587,2870,10457,11383,16310,23487,39797,1956,4120,113,19
07/17/2014,30953,23474,54427,7644,2893,10537,11376,16299,23474,39773,1954,4117,106,20
07/16/2014,30945,23459,54404,7683,2882,10565,11356,16273,23459,39732,1949,4107,119,18
07/15/2014,30953,23486,54439,7681,2894,10575,11358,16281,23486,39767,1944,4097,123,13
07/14/2014,30930,23487,54417,7657,2880,10537,11365,16288,23487,39775,1949,4105,97,20
07/13/2014,30886,23509,54395,7622,2856,10478,11387,16308,23509,39817,1947,4100,57,9
07/12/2014,30682,23443,54125,7505,2826,10331,11353,16259,23443,39702,1943,4092,85,8
07/11/2014,30710,23435,54145,7551,2828,10379,11350,16258,23435,39693,1934,4073,95,19
07/10/2014,30701,23401,54102,7575,2841,10416,11338,16234,23401,39635,1925,4051,109,14
07/09/2014,30722,23369,54091,7606,2836,10442,11318,16210,23369,39579,1933,4070,115,13
07/08/2014,30663,23305,53968,7622,2829,10451,11277,16162,23305,39467,1924,4050,145,17
07/07/2014,30621,23306,53927,7601,2806,10407,11280,16164,23306,39470,1924,4050,132,22
07/06/2014,30581,23311,53892,7561,2805,10366,11290,16164,23311,39475,1925,4051,56,11
07/05/2014,30440,23277,53717,7463,2774,10237,11277,16141,23277,39418,1930,4062,55,5
07/04/2014,30385,23223,53608,7454,2786,10240,11248,16106,23223,39329,1919,4039,85,14
07/03/2014,30434,23224,53658,7485,2796,10281,11253,16112,23224,39336,1920,4041,123,12
07/02/2014,40508,23206,63714,14798,5623,20421,11230,16069,23206,39275,1910,4018,120,20
07/01/2014,30481,23261,53742,7514,2824,10338,11256,16113,23261,39374,1916,4030,119,25
06/30/2014,30605,23323,53928,7559,2829,10388,11292,16169,23323,39492,1924,4048,99,15
06/29/2014,30643,23343,53986,7567,2827,10394,11312,16194,23343,39537,1927,4055,49,7
06/28/2014,30518,23286,53804,7504,2809,10313,11288,16160,23286,39446,1922,4045,76,15
06/27/2014,30509,23227,53736,7516,2820,10336,11247,16110,23227,39337,1930,4063,113,11
06/22/2014,30605,23289,53894,7605,2813,10418,11288,16139,23289,39428,1923,4048,43,13
06/21/2014,30487,23246,53733,7538,2794,10332,11260,16098,23246,39344,1927,4057,66,9
06/20/2014,30476,23243,53719,7520,2808,10328,11257,16093,23243,39336,1926,4055,86,16
06/19/2014,30583,23252,53835,7592,2833,10425,11260,16105,23252,39357,1926,4053,83,13
06/18/2014,30540,23227,53767,7591,2820,10411,11244,16073,23227,39300,1928,4056,96,13
06/17/2014,30471,23179,53650,7583,2810,10393,11228,16048,23179,39227,1916,4030,116,16
06/16/2014,30529,23225,53754,7601,2816,10417,11250,16077,23225,39302,1920,4035,98,11
06/15/2014,30427,23203,53630,7528,2795,10323,11245,16074,23203,39277,1918,4030,39,10
06/14/2014,30372,23175,53547,7500,2797,10297,11221,16041,23175,39216,1920,4034,75,11
06/13/2014,30407,23179,53586,7508,2809,10317,11223,16048,23179,39227,1925,4042,87,14
06/12/2014,30462,23133,53595,7563,2831,10394,11200,16023,23133,39156,1926,4045,87,15
06/11/2014,30441,23103,53544,7596,2826,10422,11180,15989,23103,39092,1918,4030,80,20
06/10/2014,30406,23075,53481,7606,2816,10422,11164,15965,23075,39040,1913,4019,106,18
06/09/2014,30419,23094,53513,7602,2803,10405,11170,15970,23094,39064,1924,4044,85,19
06/08/2014,30382,23123,53505,7530,2803,10333,11197,16005,23123,39128,1924,4044,42,9
06/07/2014,30250,23086,53336,7446,2787,10233,11175,15975,23086,39061,1923,4042,57,22
06/06/2014,30286,23058,53344,7494,2782,10276,11177,15972,23058,39030,1921,4038,92,8
06/05/2014,30340,23012,53352,7577,2786,10363,11152,15950,23012,38962,1914,4027,103,19
06/04/2014,30308,23012,53320,7570,2778,10348,11144,15934,23012,38946,1913,4026,107,18
06/03/2014,30320,23004,53324,7595,2768,10363,11143,15932,23004,38936,1915,4025,110,18
06/02/2014,30341,23033,53374,7589,2778,10367,11162,15951,23033,38984,1914,4023,111,13
06/01/2014,30360,23023,53383,7602,2790,10392,11169,15963,23023,38986,1906,4005,71,12
05/31/2014,30221,22976,53197,7542,2768,10310,11139,15925,22976,38901,1897,3986,83,22
05/30/2014,30219,22993,53212,7505,2777,10282,11146,15942,22993,38935,1901,3995,98,15
05/29/2014,30328,22982,53310,7629,2805,10434,11129,15913,22982,38895,1896,3981,95,12
05/28/2014,30322,23005,53327,7591,2813,10404,11135,15925,23005,38930,1902,3993,109,14
05/27/2014,30338,23003,53341,7602,2805,10407,11138,15934,23003,38937,1905,3997,85,14
05/26/2014,30251,23014,53265,7543,2790,10333,11154,15945,23014,38959,1892,3973,53,9
05/25/2014,30225,23022,53247,7514,2781,10295,11160,15947,23022,38969,1896,3983,36,20
05/24/2014,30256,22987,53243,7537,2800,10337,11137,15923,22987,38910,1902,3996,65,7
05/23/2014,30318,23012,53330,7552,2805,10357,11147,15945,23012,38957,1912,4016,86,20
05/22/2014,30381,22996,53377,7619,2810,10429,11146,15938,22996,38934,1909,4014,84,14
05/21/2014,30396,23023,53419,7603,2805,10408,11157,15961,23023,38984,1915,4027,82,12
05/20/2014,30362,22977,53339,7612,2801,10413,11123,15917,22977,38894,1917,4032,114,19
05/19/2014,30394,22999,53393,7621,2808,10429,11131,15929,22999,38928,1919,4036,90,16
05/18/2014,30405,22997,53402,7643,2794,10437,11134,15923,22997,38920,1923,4045,51,9
05/17/2014,30241,22957,53198,7545,2774,10319,11113,15887,22957,38844,1918,4035,76,11
05/16/2014,30206,22915,53121,7530,2790,10320,11096,15862,22915,38777,1912,4024,81,11
05/15/2014,30335,22907,53242,7663,2784,10447,11088,15864,22907,38771,1912,4024,100,23
05/14/2014,30334,22861,53195,7676,2806,10482,11067,15825,22861,38686,1914,4027,89,11
05/13/2014,30289,22817,53106,7677,2790,10467,11045,15793,22817,38610,1914,4029,105,19
05/12/2014,30276,22842,53118,7648,2776,10424,11061,15821,22842,38663,1914,4031,83,15
05/11/2014,30187,22843,53030,7597,2732,10329,11072,15832,22843,38675,1912,4026,38,10
05/10/2014,30092,22795,52887,7553,2737,10290,11044,15794,22795,38589,1903,4008,80,17
05/09/2014,30114,22753,52867,7597,2750,10347,11020,15758,22753,38511,1903,4009,82,18
05/08/2014,30163,22756,52919,7649,2763,10412,11009,15746,22756,38502,1902,4005,88,12
05/07/2014,30110,22725,52835,7637,2768,10405,10989,15711,22725,38436,1896,3994,90,15
05/06/2014,30077,22716,52793,7629,2761,10390,10982,15703,22716,38419,1890,3984,102,13
05/05/2014,30097,22742,52839,7627,2755,10382,11001,15722,22742,38464,1895,3993,85,17
05/04/2014,30026,22722,52748,7613,2735,10348,10990,15693,22722,38415,1891,3985,70,5
05/03/2014,29833,22684,52517,7484,2724,10208,10972,15672,22684,38356,1877,3953,85,19
05/02/2014,29850,22686,52536,7476,2735,10211,10970,15676,22686,38362,1883,3963,80,14
05/01/2014,29997,22688,52685,7630,2748,10378,10967,15665,22688,38353,1878,3954,67,17
04/30/2014,30146,22661,52807,7776,2803,10579,10940,15633,22661,38294,1870,3934,84,11
04/29/2014,30169,22638,52807,7811,2799,10610,10922,15616,22638,38254,1873,3943,105,12
04/28/2014,30127,22677,52804,7741,2792,10533,10949,15644,22677,38321,1876,3950,74,12
04/27/2014,30059,22681,52740,7715,2773,10488,10941,15631,22681,38312,1872,3940,52,12
04/26/2014,29944,22639,52583,7641,2778,10419,10912,15595,22639,38234,1866,3930,70,6
04/25/2014,29881,22629,52510,7627,2760,10387,10902,15572,22629,38201,1862,3922,87,14
04/24/2014,29966,22636,52602,7732,2775,10507,10893,15555,22636,38191,1857,3904,91,19
04/23/2014,30005,22610,52615,7729,2785,10514,10893,15555,22610,38165,1873,3936,108,7
04/22/2014,29970,22546,52516,7726,2766,10492,10866,15529,22546,38075,1875,3949,107,13
04/21/2014,30020,22593,52613,7733,2752,10485,10893,15556,22593,38149,1887,3979,94,14
04/20/2014,29970,22621,52591,7647,2761,10408,10911,15579,22621,38200,1889,3983,37,8
04/19/2014,29837,22591,52428,7572,2739,10311,10890,15547,22591,38138,1887,3979,59,9
04/18/2014,29884,22546,52430,7628,2758,10386,10866,15522,22546,38068,1886,3976,88,8
04/17/2014,29987,22579,52566,7678,2768,10446,10887,15555,22579,38134,1889,3986,87,17
04/16/2014,29990,22595,52585,7681,2762,10443,10885,15550,22595,38145,1892,3997,74,11
04/15/2014,29942,22545,52487,7693,2741,10434,10853,15523,22545,38068,1888,3985,118,14
04/14/2014,29873,22565,52438,7589,2735,10324,10869,15546,22565,38111,1896,4003,131,16
04/13/2014,29845,22617,52462,7568,2707,10275,10897,15573,22617,38190,1893,3997,48,9
04/12/2014,29716,22538,52254,7476,2726,10202,10866,15525,22538,38063,1889,3989,78,7
04/11/2014,29756,22515,52271,7512,2729,10241,10865,15517,22515,38032,1893,3998,93,14
04/10/2014,29816,22486,52302,7560,2749,10309,10848,15505,22486,37991,1894,4002,82,11
04/09/2014,29840,22479,52319,7610,2730,10340,10835,15499,22479,37978,1894,4001,102,8
04/08/2014,29808,22501,52309,7566,2742,10308,10842,15504,22501,38005,1890,3996,102,16
04/07/2014,30224,23316,53540,7592,2742,10334,11065,15886,23316,39202,1895,4004,117,16
04/06/2014,30176,23335,53511,7570,2716,10286,11080,15904,23335,39239,1886,3986,52,7
04/05/2014,29992,23284,53276,7467,2679,10146,11057,15873,23284,39157,1880,3973,75,15
04/04/2014,30003,23285,53288,7460,2697,10157,11048,15862,23285,39147,1886,3984,85,11
04/03/2014,30015,23259,53274,7505,2704,10209,11035,15830,23259,39089,1882,3976,79,10
04/02/2014,30085,23260,53345,7575,2710,10285,11031,15826,23260,39086,1880,3974,80,13
04/01/2014,29683,22486,52169,7558,2710,10268,10804,15444,22486,37930,1880,3971,110,15
03/31/2014,29833,22587,52420,7640,2734,10374,10839,15496,22587,38083,1875,3963,93,9
03/30/2014,29872,22623,52495,7644,2737,10381,10863,15532,22623,38155,1873,3959,51,13
03/29/2014,29741,22587,52328,7554,2730,10284,10838,15498,22587,38085,1873,3959,80,5
03/28/2014,29712,22574,52286,7521,2739,10260,10831,15487,22574,38061,1877,3965,77,16
03/27/2014,29854,22571,52425,7637,2787,10424,10822,15466,22571,38037,1876,3964,62,13
03/26/2014,29859,22563,52422,7658,2783,10441,10815,15448,22563,38011,1878,3970,79,9
03/25/2014,29839,22528,52367,7674,2779,10453,10793,15418,22528,37946,1876,3968,94,11
03/24/2014,29842,22565,52407,7669,2761,10430,10804,15433,22565,37998,1881,3979,80,15
03/23/2014,29788,22601,52389,7624,2724,10348,10825,15455,22601,38056,1884,3985,59,9
03/22/2014,29603,22559,52162,7491,2711,10202,10800,15425,22559,37984,1880,3976,66,8
03/21/2014,29613,22539,52152,7515,2718,10233,10796,15417,22539,37956,1873,3963,70,13
03/20/2014,29743,22527,52270,7620,2767,10387,10784,15403,22527,37930,1866,3953,87,16
03/19/2014,29790,22509,52299,7672,2747,10419,10778,15391,22509,37900,1879,3980,106,14
03/18/2014,29716,22516,52232,7629,2731,10360,10788,15393,22516,37909,1870,3963,85,16
03/17/2014,29763,22530,52293,7652,2737,10389,10786,15389,22530,37919,1879,3985,80,15
03/16/2014,29707,22546,52253,7629,2708,10337,10794,15396,22546,37942,1874,3974,53,6
03/15/2014,29507,22504,52011,7493,2688,10181,10773,15366,22504,37870,1868,3960,64,9
03/14/2014,29550,22521,52071,7491,2697,10188,10781,15376,22521,37897,1881,3986,55,13
03/13/2014,29642,22505,52147,7594,2724,10318,10767,15354,22505,37859,1872,3970,76,18
03/12/2014,29646,22501,52147,7585,2747,10332,10761,15342,22501,37843,1872,3972,92,13
03/11/2014,29542,22468,52010,7513,2726,10239,10741,15325,22468,37793,1874,3978,87,10
03/10/2014,29651,22506,52157,7557,2752,10309,10748,15336,22506,37842,1884,4006,94,14
03/09/2014,29640,22571,52211,7520,2713,10233,10787,15382,22571,37953,1893,4025,37,6
03/08/2014,29511,22520,52031,7457,2706,10163,10753,15340,22520,37860,1885,4008,82,12
03/07/2014,29561,22509,52070,7498,2711,10209,10743,15315,22509,37824,1900,4037,77,16
03/05/2014,29633,22495,52128,7568,2743,10311,10729,15296,22495,37791,1896,4026,90,19
03/04/2014,29593,22525,52118,7555,2723,10278,10739,15296,22525,37821,1893,4019,90,15
03/03/2014,29645,22626,52271,7553,2722,10275,10776,15351,22626,37977,1893,4019,84,15
03/02/2014,29639,22656,52295,7535,2704,10239,10796,15378,22656,38034,1895,4022,58,18
03/01/2014,29536,22631,52167,7448,2687,10135,10778,15357,22631,37988,1906,4044,52,13
02/28/2014,29579,22605,52184,7494,2721,10215,10766,15344,22605,37949,1894,4020,84,11
02/27/2014,29742,22612,52354,7592,2765,10357,10771,15358,22612,37970,1899,4027,91,12
02/26/2014,29749,22589,52338,7614,2768,10382,10758,15350,22589,37939,1895,4017,84,12
02/25/2014,29747,22514,52261,7633,2771,10404,10738,15327,22514,37841,1894,4016,94,14
02/24/2014,29757,22544,52301,7611,2764,10375,10754,15352,22544,37896,1901,4030,77,13
02/23/2014,29694,22555,52249,7552,2740,10292,10771,15369,22555,37924,1902,4033,45,6
02/22/2014,29576,22498,52074,7489,2735,10224,10744,15333,22498,37831,1895,4019,80,7
02/21/2014,39875,22484,62359,15032,5500,20532,10732,15320,22484,37804,1898,4023,94,12
02/20/2014,29693,22478,52171,7606,2772,10378,10731,15310,22478,37788,1889,4005,110,19
02/19/2014,29752,22509,52261,7605,2783,10388,10743,15324,22509,37833,1907,4040,89,14
02/18/2014,29790,22535,52325,7607,2791,10398,10764,15347,22535,37882,1910,4045,82,5
02/17/2014,29751,22519,52270,7612,2785,10397,10754,15322,22519,37841,1904,4032,56,12
02/16/2014,29668,22497,52165,7567,2773,10340,10740,15304,22497,37801,1900,4024,47,11
02/15/2014,29582,22487,52069,7504,2759,10263,10738,15303,22487,37790,1896,4016,62,15
02/14/2014,29630,22523,52153,7503,2756,10259,10763,15333,22523,37856,1908,4038,42,11
02/13/2014,29775,22544,52319,7594,2780,10374,10770,15351,22544,37895,1913,4050,29,9
02/12/2014,29672,22465,52137,7576,2788,10364,10725,15291,22465,37756,1897,4017,106,22
02/11/2014,29706,22460,52166,7602,2790,10392,10722,15280,22460,37740,1906,4034,91,19
02/10/2014,29686,22478,52164,7577,2769,10346,10734,15297,22478,37775,1911,4043,54,13
02/09/2014,29609,22475,52084,7523,2753,10276,10730,15278,22475,37753,1917,4055,64,11
02/08/2014,29502,22490,51992,7419,2744,10163,10742,15296,22490,37786,1911,4043,95,15
02/07/2014,29606,22556,52162,7452,2740,10192,10774,15356,22556,37912,1919,4058,76,11
02/06/2014,29662,22537,52199,7513,2761,10274,10767,15341,22537,37878,1914,4047,51,13
02/05/2014,29610,22527,52137,7497,2769,10266,10760,15322,22527,37849,1902,4022,72,6
02/04/2014,29566,22511,52077,7463,2770,10233,10759,15323,22511,37834,1895,4010,77,14
02/03/2014,29469,22474,51943,7455,2756,10211,10727,15278,22474,37752,1881,3980,83,16
02/02/2014,29309,22415,51724,7384,2730,10114,10692,15229,22415,37644,1875,3966,103,16
02/01/2014,29270,22398,51668,7371,2728,10099,10684,15213,22398,37611,1872,3958,154,21
01/31/2014,29412,22497,51909,7378,2733,10111,10744,15304,22497,37801,1891,3997,128,31
01/30/2014,29708,22523,52231,7540,2803,10343,10772,15341,22523,37864,1902,4024,74,6
01/29/2014,29735,22512,52247,7578,2816,10394,10767,15326,22512,37838,1897,4015,90,12
01/28/2014,29686,22492,52178,7556,2806,10362,10752,15305,22492,37797,1899,4019,83,7
01/27/2014,29680,22488,52168,7545,2814,10359,10740,15295,22488,37783,1903,4026,80,10
01/26/2014,29654,22467,52121,7540,2804,10344,10737,15282,22467,37749,1904,4028,38,3
01/25/2014,29520,22407,51927,7482,2800,10282,10698,15231,22407,37638,1893,4007,79,4
01/24/2014,29538,22369,51907,7506,2803,10309,10685,15213,22369,37582,1897,4016,67,6
01/23/2014,29552,22330,51882,7557,2804,10361,10666,15174,22330,37504,1898,4017,58,6
01/22/2014,29484,22325,51809,7511,2798,10309,10669,15179,22325,37504,1888,3996,55,13
01/21/2014,29395,22254,51649,7485,2787,10272,10627,15126,22254,37380,1888,3997,86,5
01/20/2014,29341,22244,51585,7459,2785,10244,10627,15115,22244,37359,1881,3982,91,13
01/19/2014,29249,22223,51472,7403,2765,10168,10624,15107,22223,37330,1877,3974,62,11
01/18/2014,29150,22169,51319,7369,2754,10123,10591,15065,22169,37234,1871,3962,94,9
01/17/2014,29157,22214,51371,7330,2756,10086,10609,15096,22214,37310,1876,3975,114,16
01/16/2014,29207,22206,51413,7391,2766,10157,10605,15087,22206,37293,1870,3963,104,18
01/15/2014,29169,22175,51344,7373,2771,10144,10591,15066,22175,37241,1867,3959,98,19
01/14/2014,29132,22095,51227,7386,2756,10142,10559,15026,22095,37121,1870,3964,144,12
01/13/2014,29189,22156,51345,7373,2749,10122,10598,15082,22156,37238,1881,3985,96,14
01/12/2014,29139,22122,51261,7387,2726,10113,10584,15055,22122,37177,1872,3971,58,9
01/11/2014,28983,22071,51054,7332,2694,10026,10543,14999,22071,37070,1865,3958,123,16
01/10/2014,29020,22105,51125,7344,2703,10047,10549,15016,22105,37121,1864,3957,150,25
01/09/2014,29190,22162,51352,7367,2736,10103,10586,15074,22162,37236,1892,4013,92,14
01/08/2014,29187,22132,51319,7423,2728,10151,10567,15051,22132,37183,1878,3985,89,16
01/07/2014,29110,21972,51082,7462,2745,10207,10487,14929,21972,36901,1874,3974,118,17
01/06/2014,28974,21936,50910,7399,2704,10103,10462,14896,21936,36832,1874,3975,179,21
01/05/2014,28991,21966,50957,7386,2692,10078,10502,14941,21966,36907,1874,3972,86,11
01/04/2014,28954,22003,50957,7320,2684,10004,10520,14971,22003,36974,1877,3979,73,7
01/03/2014,28947,22007,50954,7323,2678,10001,10521,14978,22007,36985,1872,3968,61,11
01/02/2014,28843,21954,50797,7289,2661,9950,10484,14930,21954,36884,1871,3963,91,17
01/01/2014,28770,21919,50689,7269,2650,9919,10469,14897,21919,36816,1866,3954,47,6
12/31/2013,28463,21907,50370,7030,2588,9618,10458,14889,21907,36796,1867,3956,88,12
12/30/2013,28947,21980,50927,7337,2684,10021,10500,14958,21980,36938,1871,3968,93,13
12/29/2013,28992,22002,50994,7374,2664,10038,10516,14981,22002,36983,1873,3973,57,8
12/28/2013,28826,21961,50787,7261,2660,9921,10494,14950,21961,36911,1864,3955,77,8
12/27/2013,28890,21971,50861,7281,2678,9959,10508,14973,21971,36944,1865,3958,100,11
12/26/2013,28997,22016,51013,7311,2692,10003,10547,15029,22016,37045,1868,3965,60,10
12/25/2013,28938,22027,50965,7261,2681,9942,10556,15036,22027,37063,1866,3960,16,5
12/24/2013,28826,21992,50818,7201,2671,9872,10532,15000,21992,36992,1863,3954,74,8
12/23/2013,29041,22041,51082,7308,2703,10011,10561,15046,22041,37087,1878,3984,72,8
12/22/2013,28960,22032,50992,7267,2698,9965,10565,15037,22032,37069,1865,3958,46,11
12/21/2013,28867,21984,50851,7210,2691,9901,10542,15005,21984,36989,1867,3961,86,12
12/20/2013,28878,21993,50871,7237,2687,9924,10537,14994,21993,36987,1866,3960,77,16
12/18/2013,29129,22022,51151,7421,2729,10150,10552,15005,22022,37027,1873,3974,100,10
12/17/2013,29156,22027,51183,7441,2728,10169,10562,15028,22027,37055,1866,3959,98,13
12/16/2013,29161,22054,51215,7442,2725,10167,10564,15027,22054,37081,1872,3967,95,20
12/15/2013,29083,22069,51152,7398,2706,10104,10575,15032,22069,37101,1861,3947,56,8
12/14/2013,28984,22036,51020,7333,2694,10027,10560,15003,22036,37039,1864,3954,85,16
12/13/2013,29007,22066,51073,7317,2693,10010,10570,15015,22066,37081,1877,3982,77,17
12/12/2013,29118,22085,51203,7415,2695,10110,10578,15025,22085,37110,1878,3983,87,11
12/11/2013,29085,22089,51174,7395,2694,10089,10565,15005,22089,37094,1883,3991,89,11
12/10/2013,29096,22060,51156,7417,2712,10129,10545,14976,22060,37036,1883,3991,130,17
12/09/2013,29150,22164,51314,7402,2707,10109,10588,15040,22164,37204,1887,4001,87,17
12/08/2013,29108,22129,51237,7389,2708,10097,10576,15023,22129,37152,1881,3988,63,12
12/07/2013,28933,22066,50999,7286,2697,9983,10546,14983,22066,37049,1871,3967,104,15
12/06/2013,28874,22052,50926,7253,2675,9928,10543,14990,22052,37042,1866,3956,112,20
12/05/2013,28908,22063,50971,7246,2682,9928,10551,15009,22063,37072,1872,3971,107,15
12/04/2013,28887,22022,50909,7251,2695,9946,10524,14977,22022,36999,1868,3964,122,18
12/03/2013,28926,22003,50929,7292,2685,9977,10526,14986,22003,36989,1868,3963,146,19
12/02/2013,29002,22091,51093,7305,2697,10002,10559,15026,22091,37117,1874,3974,119,15
12/01/2013,29067,22151,51218,7300,2686,9986,10599,15082,22151,37233,1885,3999,61,4
11/30/2013,34234,22146,56380,11500,3678,15178,10593,15079,22146,37225,1874,3977,64,11
11/29/2013,28841,22135,50976,7159,2635,9794,10597,15074,22135,37209,1873,3973,63,14
11/28/2013,28902,22174,51076,7166,2661,9827,10606,15094,22174,37268,1878,3981,43,4
11/27/2013,29119,22164,51283,7325,2694,10019,10616,15111,22164,37275,1882,3989,44,2
11/26/2013,29178,22168,51346,7375,2712,10087,10614,15112,22168,37280,1875,3979,104,21
11/25/2013,29237,22252,51489,7347,2728,10075,10648,15169,22252,37421,1882,3993,107,15
11/24/2013,29185,22237,51422,7323,2729,10052,10638,15144,22237,37381,1882,3989,54,6
11/23/2013,29023,22175,51198,7218,2710,9928,10612,15106,22175,37281,1882,3989,113,10
11/22/2013,29025,22189,51214,7203,2695,9898,10623,15139,22189,37328,1882,3988,86,13
11/21/2013,29169,22211,51380,7277,2740,10017,10633,15158,22211,37369,1885,3994,100,13
11/20/2013,29171,22206,51377,7309,2732,10041,10622,15148,22206,37354,1879,3982,90,11
11/19/2013,40177,22215,62392,15426,5608,21034,10626,15146,22215,37361,1887,3997,103,19
11/18/2013,29152,22224,51376,7283,2722,10005,10632,15158,22224,37382,1882,3989,91,14
11/14/2013,29077,22108,51185,7308,2703,10011,10587,15080,22108,37188,1879,3986,107,21
11/13/2013,29063,22047,51110,7318,2720,10038,10561,15038,22047,37085,1879,3987,116,15
11/12/2013,39224,22092,61316,14700,5460,20160,10572,15064,22092,37156,1885,4000,114,11
11/11/2013,29070,22096,51166,7306,2699,10005,10585,15079,22096,37175,1879,3986,93,10
11/10/2013,28992,22074,51066,7254,2687,9941,10581,15066,22074,37140,1879,3985,69,9
11/09/2013,28858,22060,50918,7152,2682,9834,10564,15052,22060,37112,1873,3972,102,11
11/08/2013,28926,22034,50960,7200,2695,9895,10559,15052,22034,37086,1876,3979,93,12
11/07/2013,29000,22028,51028,7269,2714,9983,10562,15047,22028,37075,1872,3970,106,20
11/06/2013,28995,21990,50985,7271,2724,9995,10547,15024,21990,37014,1875,3976,85,16
11/05/2013,28965,21976,50941,7278,2711,9989,10551,15026,21976,37002,1863,3950,152,16
11/04/2013,28930,21982,50912,7232,2722,9954,10555,15037,21982,37019,1858,3939,119,19
11/03/2013,28871,22010,50881,7164,2725,9889,10571,15052,22010,37062,1854,3930,78,14
11/02/2013,28694,21964,50658,7031,2704,9735,10548,15022,21964,36986,1857,3937,107,11
11/01/2013,28743,21990,50733,7043,2693,9736,10570,15057,21990,37047,1864,3950,92,8
10/31/2013,29037,22024,51061,7222,2773,9995,10582,15072,22024,37096,1872,3970,89,12
10/30/2013,29128,22035,51163,7282,2795,10077,10589,15087,22035,37122,1869,3964,105,14
10/29/2013,29187,22035,51222,7342,2787,10129,10598,15100,22035,37135,1866,3958,117,15
10/28/2013,29207,22056,51263,7352,2774,10126,10613,15113,22056,37169,1870,3968,91,16
10/27/2013,29211,22051,51262,7350,2793,10143,10623,15114,22051,37165,1863,3954,53,9
10/26/2013,29058,21997,51055,7264,2770,10034,10592,15076,21997,37073,1860,3948,90,12
10/25/2013,29036,21976,51012,7275,2759,10034,10574,15064,21976,37040,1855,3938,112,18
10/24/2013,29180,21973,51153,7356,2793,10149,10587,15087,21973,37060,1858,3944,90,22
10/23/2013,29125,21927,51052,7358,2801,10159,10554,15042,21927,36969,1849,3924,122,16
10/22/2013,29058,21936,50994,7319,2787,10106,10549,15042,21936,36978,1842,3910,135,19
10/21/2013,29088,21974,51062,7296,2777,10073,10573,15078,21974,37052,1856,3937,104,18
10/20/2013,29094,21965,51059,7297,2776,10073,10568,15070,21965,37035,1863,3951,70,11
10/19/2013,28918,21898,50816,7205,2749,9954,10534,15024,21898,36922,1858,3940,109,17
10/18/2013,28856,21876,50732,7156,2743,9899,10519,15015,21876,36891,1859,3942,124,9
10/17/2013,28914,21848,50762,7216,2774,9990,10510,15004,21848,36852,1849,3920,112,19
10/16/2013,28924,21848,50772,7234,2752,9986,10513,15006,21848,36854,1856,3932,130,19
10/15/2013,28998,21894,50892,7251,2758,10009,10542,15044,21894,36938,1861,3945,115,20
10/14/2013,29014,21948,50962,7248,2751,9999,10558,15053,21948,37001,1869,3962,88,8
10/13/2013,28921,21944,50865,7168,2741,9909,10556,15051,21944,36995,1869,3961,74,6
10/12/2013,28736,21857,50593,7081,2705,9786,10520,15006,21857,36863,1861,3944,108,16
10/11/2013,28791,21883,50674,7091,2738,9829,10534,15037,21883,36920,1851,3925,79,9
10/10/2013,28834,21894,50728,7161,2717,9878,10536,15030,21894,36924,1852,3926,106,18
10/09/2013,28833,21853,50686,7192,2728,9920,10512,14994,21853,36847,1850,3919,125,13
10/08/2013,28772,21830,50602,7165,2722,9887,10494,14972,21830,36802,1846,3913,137,24
10/07/2013,28767,21870,50637,7133,2726,9859,10517,14989,21870,36859,1849,3919,125,16
10/06/2013,28691,21890,50581,7092,2685,9777,10531,14998,21890,36888,1847,3916,76,10
10/05/2013,28507,21817,50324,7012,2666,9678,10483,14928,21817,36745,1839,3901,123,14
10/04/2013,28521,21818,50339,6999,2672,9671,10488,14944,21818,36762,1842,3906,104,12
10/02/2013,28583,21768,50351,7073,2681,9754,10469,14916,21768,36684,1845,3913,135,12
10/01/2013,28581,21734,50315,7129,2684,9813,10438,14869,21734,36603,1838,3899,147,19
09/30/2013,28860,21786,50646,7275,2742,10017,10471,14931,21786,36717,1843,3912,118,15
09/29/2013,28815,21780,50595,7264,2724,9988,10480,14927,21780,36707,1837,3900,67,5
09/28/2013,28688,21746,50434,7178,2718,9896,10462,14910,21746,36656,1829,3882,116,15
09/27/2013,28729,21757,50486,7185,2739,9924,10465,14905,21757,36662,1838,3900,92,19
09/26/2013,28888,21804,50692,7287,2771,10058,10483,14934,21804,36738,1836,3896,102,17
09/25/2013,28863,21721,50584,7295,2787,10082,10453,14894,21721,36615,1832,3887,121,10
09/24/2013,28850,21675,50525,7305,2782,10087,10440,14882,21675,36557,1828,3881,153,19
09/23/2013,28874,21734,50608,7280,2801,10081,10465,14912,21734,36646,1830,3881,121,13
09/22/2013,28751,21710,50461,7227,2777,10004,10457,14883,21710,36593,1822,3864,71,11
09/21/2013,28619,21663,50282,7189,2738,9927,10426,14840,21663,36503,1816,3852,125,12
09/20/2013,28673,21705,50378,7185,2751,9936,10453,14883,21705,36588,1817,3854,103,19
09/19/2013,28719,21695,50414,7172,2783,9955,10455,14893,21695,36588,1824,3871,142,15
09/18/2013,28787,21663,50450,7277,2783,10060,10435,14871,21663,36534,1816,3856,139,9
09/17/2013,28755,21697,50452,7221,2794,10015,10439,14878,21697,36575,1819,3862,156,19
09/16/2013,28801,21725,50526,7222,2773,9995,10455,14911,21725,36636,1836,3895,134,18
09/15/2013,28773,21767,50540,7222,2773,9995,10471,14918,21767,36685,1819,3860,72,8
09/14/2013,28556,21694,50250,7098,2752,9850,10428,14853,21694,36547,1816,3853,133,13
09/13/2013,28556,21662,50218,7106,2743,9849,10417,14835,21662,36497,1825,3872,126,8
09/12/2013,28587,21653,50240,7124,2750,9874,10423,14842,21653,36495,1824,3871,136,17
09/11/2013,28580,21571,50151,7166,2729,9895,10387,14804,21571,36375,1829,3881,151,14
09/10/2013,28572,21577,50149,7147,2743,9890,10394,14805,21577,36382,1826,3877,160,12
09/09/2013,28557,21566,50123,7145,2744,9889,10384,14798,21566,36364,1823,3870,137,13
09/08/2013,28402,21555,49957,7156,2588,9744,10377,14785,21555,36340,1824,3873,86,9
09/07/2013,28410,21502,49912,7056,2731,9787,10354,14757,21502,36259,1821,3866,122,13
09/06/2013,28337,21410,49747,7088,2723,9811,10306,14681,21410,36091,1811,3845,157,13
09/04/2013,28379,21372,49751,7110,2741,9851,10303,14683,21372,36055,1811,3845,178,16
09/02/2013,28377,21404,49781,7094,2707,9801,10319,14704,21404,36108,1823,3872,100,10
09/01/2013,28259,21403,49662,6997,2672,9669,10326,14719,21403,36122,1822,3871,86,9
08/31/2013,28127,21335,49462,6949,2661,9610,10287,14662,21335,35997,1815,3855,141,6
08/30/2013,28182,21343,49525,7032,2653,9685,10281,14651,21343,35994,1811,3846,122,10
08/29/2013,28396,21412,49808,7151,2709,9860,10316,14696,21412,36108,1807,3840,127,16
08/28/2013,28428,21325,49753,7229,2721,9950,10284,14647,21325,35972,1803,3831,140,10
08/27/2013,28414,21322,49736,7209,2713,9922,10277,14640,21322,35962,1813,3852,149,12
08/26/2013,28485,21392,49877,7252,2704,9956,10307,14688,21392,36080,1809,3841,124,14
08/25/2013,28458,21400,49858,7230,2704,9934,10324,14694,21400,36094,1804,3830,67,10
08/24/2013,28274,21343,49617,7110,2690,9800,10291,14650,21343,35993,1801,3824,110,8
08/23/2013,28257,21291,49548,7149,2671,9820,10266,14611,21291,35902,1802,3826,146,10
08/22/2013,28366,21324,49690,7201,2716,9917,10274,14622,21324,35946,1803,3827,120,20
08/21/2013,28359,21314,49673,7231,2710,9941,10261,14607,21314,35921,1796,3811,165,14
,,,,,,,,,,,,,,
,,,,,,,,,,,,,,
,,,,,,,,,,,,,,
,,,,,,,,,,,,,,
,,,,,,,,,,,,,,
,,,,,,,,,,,,,,
,,,,,,,,,,,,,,
,,,,,,,,,,,,,,
,,,,,,,,,,,,,,
,,,,,,,,,,,,,,
